{
 "cells": [
  {
   "cell_type": "code",
   "execution_count": 15,
   "metadata": {},
   "outputs": [
    {
     "name": "stdout",
     "output_type": "stream",
     "text": [
      "Means =  [4.0, 3.0, 3.0, 3.4]\n",
      "Stdvs =  [3.0, 1.5811388300841898, 1.7320508075688772, 2.302172886644268]\n",
      "\n",
      "A_centered:\n",
      " [[-1.         -0.63245553  0.          0.26062335]\n",
      " [ 0.33333333  1.26491106  1.73205081  1.56374007]\n",
      " [-1.          0.63245553 -0.57735027 -0.1737489 ]\n",
      " [ 0.33333333  0.         -0.57735027 -1.04249338]\n",
      " [ 1.33333333 -1.26491106 -0.57735027 -0.60812114]]\n",
      "\n",
      "\n",
      "Covariance_matrix:\n",
      " [[ 0.8        -0.25298221  0.03849002 -0.14479075]\n",
      " [-0.25298221  0.8         0.51120772  0.49449803]\n",
      " [ 0.03849002  0.51120772  0.8         0.75235479]\n",
      " [-0.14479075  0.49449803  0.75235479  0.8       ]]\n",
      "\n",
      "Eigen Vectors: \n",
      " [[ 0.16195986 -0.52404813 -0.58589647 -0.59654663]\n",
      " [-0.91705888  0.20692161 -0.3205394  -0.11593512]\n",
      " [-0.30707099 -0.81731886  0.1882497   0.44973251]\n",
      " [ 0.19616173  0.12061043 -0.72009851  0.65454704]]\n",
      "\n",
      "Eigen Values: \n",
      " [2.01263459 0.8522308  0.31510964 0.02002497]\n",
      "\n",
      "Principal Components:\n",
      " [[ 0.16195986 -0.52404813 -0.58589647 -0.59654663]\n",
      " [-0.91705888  0.20692161 -0.3205394  -0.11593512]]\n",
      "\n",
      "\n",
      "Transformed Data:\n",
      " [[ 1.40033078e-02  7.55974765e-01]\n",
      " [-2.55653399e+00 -7.80431775e-01]\n",
      " [-5.14801919e-02  1.25313470e+00]\n",
      " [ 1.01415002e+00  2.38808310e-04]\n",
      " [ 1.57986086e+00 -1.22891650e+00]]\n"
     ]
    }
   ],
   "source": [
    "import numpy as np\n",
    "\n",
    "def mean(A):\n",
    "    means = []\n",
    "    for i in range(len(A[0])):\n",
    "        summ = 0\n",
    "        for j in range(len(A)):\n",
    "            summ += A[j][i]\n",
    "        means.append(summ/len(A))\n",
    "    return means\n",
    "\n",
    "def var(A, means):\n",
    "    stdvs = []\n",
    "    for i in range(len(A[0])):\n",
    "        variance = 0\n",
    "        for j in range(len(A)):\n",
    "            variance += (A[j][i] - means[i])**2\n",
    "        stdvs.append((variance/(len(A)-1))**0.5)\n",
    "    return stdvs\n",
    "\n",
    "def center(A, means, vars_):\n",
    "    A_centered = np.zeros((len(A), len(A[0])))\n",
    "    for i in range(len(A[0])):\n",
    "        for j in range(len(A)):\n",
    "            A_centered[j][i] = (A[j][i] - means[i]) / vars_[i]\n",
    "    return A_centered\n",
    "\n",
    "def cov(A_centered, means):\n",
    "    return A_centered.T.dot(A_centered)/len(A_centered)\n",
    "\n",
    "def PCA_computation(A, n):\n",
    "    means = mean(A)\n",
    "    print(\"Means = \", means)\n",
    "    vars_ = var(A, means)\n",
    "    print(\"Stdvs = \", vars_)\n",
    "    print()\n",
    "    A_centered = center(A, means, vars_)\n",
    "    print(\"A_centered:\\n\", A_centered)\n",
    "    print()\n",
    "    C = cov(A_centered, means)\n",
    "    print(\"\\nCovariance_matrix:\\n\",C)\n",
    "    values, vectors = np.linalg.eig(C)\n",
    "    print(\"\\nEigen Vectors: \\n\", vectors.T)\n",
    "    print()\n",
    "    print(\"Eigen Values: \\n\", values)\n",
    "    print()\n",
    "    idxs = np.argsort(values)[::-1]\n",
    "    eigenvalues = values[idxs]\n",
    "    eigenvectors = vectors[idxs]\n",
    "    components = vectors.T[0:n]\n",
    "    print(\"Principal Components:\\n\", components)\n",
    "    print()\n",
    "    pc = np.dot(A_centered, components.T)\n",
    "    print(\"\\nTransformed Data:\\n\", pc)\n",
    "    \n",
    "A = np.array([[1, 2, 3, 4], [5, 5, 6, 7], [1, 4, 2, 3], [5, 3, 2, 1], [8, 1, 2, 2]])\n",
    "PCA_computation(A, n=2)"
   ]
  },
  {
   "cell_type": "code",
   "execution_count": null,
   "metadata": {},
   "outputs": [],
   "source": []
  }
 ],
 "metadata": {
  "kernelspec": {
   "display_name": "Python 3",
   "language": "python",
   "name": "python3"
  },
  "language_info": {
   "codemirror_mode": {
    "name": "ipython",
    "version": 3
   },
   "file_extension": ".py",
   "mimetype": "text/x-python",
   "name": "python",
   "nbconvert_exporter": "python",
   "pygments_lexer": "ipython3",
   "version": "3.8.5"
  }
 },
 "nbformat": 4,
 "nbformat_minor": 4
}
